-264
 852
-941
 756
  95
  48
-396
 432
 846
 407
-752
-738
-538
 822
-969
-373
-280
 147
-521
-836
-265
 165
 670
 354
 882
 929
-494
-959
-964
-658
 577
-214
 458
-956
 190
 504
 894
-876
-259
-507
-219
  56
-925
-250
 811
 398
-886
-130
-486
-849
 610
 377
 565
  83
 191
 380
 245
  66
  13
 772
-776
-424
 897
-821
-519
-762
-973
-233
-371
 272
-729
-754
 218
-461
-567
 327
 977
 922
 981
-317
 635
-253
 239
 564
-426
 -35
 818
-550
 623
 312
-645
 -37
-563
-293
-787
-680
   8
 537
-404
 187
 819
-985
-324
 723
 416
  19
-724
 598
 403
-871
-867
-949
  90
-104
-573
-206
-932
-517
-121
-224
-395
 580
-854
-829
-547
-545
 957
-625
 188
 731
  71
 609
 242
 547
 843
-182
-544
-858
 176
-127
-262
-877
 823
-364
  58
-286
-539
 161
-301
 418
 584
-493
-989
-254
 -27
 268
 300
-315
-601
 927
-312
 633
 562
-533
-750
-788
-459
-207
 124
  30
-622
 765
-848
 639
 -49
 347
 266
 365
 369
-748
 303
 127
-815
 162
-336
 812
 604
-251
-548
 717
 984
-423
-346
-534
-621
-438
 -21
-522
 305
-526
-495
 631
-651
-202
-747
 572
 241
-918
 320
-898
 952
 -22
 184
-660
-691
-475
 129
-391
 736
  59
 -92
 395
 401
-430
 310
 590
 905
 903
-156
 786
 783
-306
-518
 227
 832
 477
-692
 997
-910
-170
 536
 178
-356
 554
 865
-325
 235
 841
 693
 111
 708
  78
-368
 160
-345
-656
 -96
 915
 549
 840
-970
-822
 338
  15
-126
 719
 273
 247
 544
 532
 202
 324
-811
 933
-737
 -77
 628
-896
-496
-451
-201
-255
-950
 715
-153
 -52
-842
 381
 581
 -16
-281
-375
-826
-637
-726
-953
 964
-580
 615
-653
   9
-793
 -56
 877
 155
 375
 116
-326
-513
-443
-659
 919
-921
-342
 -95
-852
 827
 286
 479
  77
  89
 737
 249
  -8
  25
 583
-695
-510
 906
 696
 752
-558
-270
 425
 768
-456
-485
 582
-697
 282
 747
-360
-572
-205
-148
 505
-159
-208
-885
-608
-273
-700
 136
-403
 444
-640
-579
-713
 975
 703
-549
-335
 393
 892
 506
 578
-911
 145
 185
-372
 493
 976
 433
-779
 269
-686
 720
 263
-968
  64
-220
-770
 182
-188
-889
-955
 900
 -24
 -25
-296
 -23
-816
 105
-432
-279
-160
-626
 920
-749
 463
-586
 677
 212
  -3
-606
-999
 385
 684
-425
-523
  17
 -58
 252
-734
 331
  35
-828
 352
 207
 283
 406
-813
 329
-928
 595
-988
-435
 559
 441
-781
 539
 438
 131
 678
-919
 697
-138
-450
-500
-723
 683
 384
 625
 340
 -18
 679
-374
 883
-116
-437
 -17
-490
-502
-266
  92
 809
-607
 466
 199
-753
 153
 326
 166
 379
 695
-103
-952
 351
 308
-946
-817
-343
-832
   5
 260
 816
 879
 -39
   1
 366
 887
 794
-574
 613
 808
-961
-673
  37
 344
-870
 345
 104
 542
 146
 383
1000
 103
 410
-893
 649
 749
 959
 322
 412
-137
-808
-311
-630
 886
-843
 496
 167
  72
 420
 979
 993
 334
-413
-564
 -19
 591
-149
 620
 666
-472
-677
-185
-853
-506
-351
 634
 -46
 471
 754
-900
-812
-643
-771
-210
-798
 435
-983
 724
-287
-865
  36
 126
 -99
 947
 750
-238
-786
  -5
-578
-718
-584
-926
-562
-945
 515
-361
-217
 721
  -9
-875
-638
  46
-152
  44
 568
-627
 424
 640
-292
 553
 489
 561
-571
 870
-671
-693
-291
-873
-735
 442
-366
-131
 673
-102
-764
  94
-193
-790
-698
-730
 270
-115
 985
 332
-628
-879
  65
 540
 -44
-731
-803
 183
 250
-995
 -98
-227
-176
 107
-652
 667
 364
-920
-192
 274
 829
-480
-268
 709
 834
-576
-111
-175
-416
-855
 520
-744
 932
 427
-394
-164
 229
 916
-140
 224
-196
 519
 254
-670
 820
 278
 961
 636
 277
-884
  41
-528
 475
 521
-530
 569
 902
 705
-694
 -51
 771
-825
  55
-439
 232
 290
 294
 411
-605
-657
 246
-600
-725
-655
 302
 592
-568
-321
 989
-906
-933
 761
-679
-613
  29
-556
 390
 409
 889
 370
 -80
-891
-498
 367
-489
-136
 298
-407
-623
-733
 895
 459
-184
 558
 -71
 763
-958
 742
-669
 917
 356
 -13
  24
 -76
-446
 170
  70
-525
 928
-662
 306
 447
 899
 727
 405
-938
 226
 244
 255
 502
 328
 914
-166
-841
-455
-847
 801
 374
-742
 805
 787
 205
-105
 907
 924
-427
 434
  80
  43
 567
-482
-509
 869
-305
  52
-543
-588
 556
-664
 789
-452
-589
 494
  11
-183
 682
 135
  49
  81
-688
 982
-501
-962
 473
-795
 474
-222
-285
-663
-587
-365
 392
 781
-117
 143
 798
-862
 123
-736
-508
 500
 339
-367
-388
 443
-232
-931
  26
-629
-211
 758
 637
 -47
-520
  84
-929
 674
 -55
-905
-347
 130
-551
 495
-384
-618
-460
-194
-228
-144
-263
  75
-840
-777
-704
 651
 837
 857
 139
  16
-560
 921
 348
 954
 707
-487
 -64
-720
 618
 469
 216
-603
-421
-106
-802
 174
-794
 337
 460
-142
 884
 718
 638
 449
 669
 -70
-685
 739
 -20
 422
 213
 108
 -54
 333
-314
-308
 315
 624
 119
 725
 275
-835
 499
 402
 876
-362
 -42
-857
-838
 173
-412
 968
 528
-240
 779
 -36
-965
-701
 860
-215
 864
 -86
-462
-241
-337
-759
-554
  10
 102
 258
 -74
-636
-353
 893
 -93
-967
 589
-198
 658
-243
 534
-313
-624
-888
 -28
 454
 800
 304
 417
 316
 120
 909
 110
-329
 686
  39
-419
-681
-406
 844
 -40
 711
 468
-917
 279
-972
-387
 685
 732
-402
  23
 728
 189
 448
-203
-151
  73
-846
 142
-783
-827
 151
 240
 942
-540
-189
-936
-252
 588
-100
-590
 704
 -62
-755
 802
-902
-839
-868
-561
-515
 -43
-635
 154
 826
-112
 664
-464
-244
 529
 738
-348
 944
-531
 552
-471
-390
 341
 281
 797
  20
 555
-763
-668
 681
-703
-145
 541
-172
-332
-834
-986
-780
 614
-478
 325
-226
-349
-980
 522
 688
-319
 -75
-410
 -87
 856
-922
 760
 951
-135
-497
 838
-276
 497
 219
 762
-304
-289
 452
 967
-358
-504
 701
-859
-864
 472
 -94
-687
-514
 527
-299
-431
-415
-769
-722
-899
 138
-163
 878
 546
 117
-161
 713
-674
 397
 753
-632
-998
 533
-328
 671
 453
 694
-162
-569
-536
 -33
 990
-997
-401
 -31
-678
-696
  31
 657
 159
 -30
 413
 318
 342
  96
-833
-284
-992
 557
 100
  14
 710
 357
 935
 461
-467
-646
-466
-114
-987
 -34
 706
-665
 336
-727
 144
-453
-614
-234
 470
-672
-805
 -78
-434
-491
 353
-282
 777
 234
 566
 653
 987
 862
 478
 215
 776
 660
 217
 261
-428
 267
-256
 735
-190
 -83
-874
 175
 962
 295
 225
 419
 744
-134
 531
 194
 -66
 197
  22
 378
-557
-943
-359
-380
 741
-996
 288
-939
 132
 256
 662
 698
 -48
-819
-850
 -85
   4
-881
-133
 873
 689
-820
 430
-204
-454
 -14
  54
 109
 223
 437
  51
  60
-913
-592
 457
 510
 -26
-307
 665
 551
 795
-845
 485
 845
 751
-173
 -12
 939
-768
 621
-398
  69
-109
-378
 423
 373
 404
 995
 149
-171
 157
-154
-739
-598
-420
 391
-666
-499
-119
-814
-488
 687
-397
-860
-239
 490
-422
-615
 231
 355
 858
-728
-585
-167
 259
-225
 -60
 456
 360
 806
 180
 -79
-915
 824
 912
 986
-699
  57
-766
-957
 196
-379
-831
 382
 941
  68
-123
 996
-441
-370
-650
 911
 963
 362
 372
 168
-277
-642
  47
 488
 643
   3
-927
-631
-712
-861
-719
-553
-212
-408
 918
 210
 746
-785
-469
-577
  76
-389
-683
-334
-756
 875
 -65
 969
 462
-641
-797
-120
  -6
-132
  -2
-732
 394
 755
 733
 726
 -50
 287
 150
 220
-331
 -29
  -7
-542
-981
 464
 399
 972
 349
 243
 974
-944
  97
 -11
 -41
 691
-158
-209
 517
 -97
 181
 518
-524
-377
-257
-751
-740
-248
 -72
-596
 782
 206
 729
-914
-824
-338
-107
 436
 203
 483
-433
 -88
-165
-796
 793
  40
-878
 785
 358
-195
 467
 486
 994
-352
-231
-566
-897
-322
 836
 773
  42
-303
 503
-141
 -38
 112
-245
 -73
-924
 118
 668
-320
-476
-249
-895
 910
-465
-976
 575
 169
  53
-125
-684
 767
 363
  33
-278
 548
 106
-275
 970
  85
 257
-882
-316
 204
 570
-806
-581
  79
 368
-872
 937
-418
 179
 115
-473
-789
-511
-274
 661
-235
 222
-417
-778
 321
 361
-856
 -82
 513
-191
-535
 745
 607
 350
 113
-648
 692
 -84
 600
-619
 938
  67
 602
-492
-178
 934
 627
 815
-818
 209
 230
-743
-479
-447
-863
-951
-180
 455
 387
-318
 904
 699
-570
 262
 790
-503
-294
-883
  62
 400
-758
 861
 850
-901
-711
 388
  82
-823
-746
-200
-339
 538
-971
-916
 813
  61
 465
-302
 901
-661
 804
 925
 156
 930
-444
 622
-599
-689
 656
 880
 428
-934
-609
-721
 284
 980
-591
-414
 330
-369
 292
-617
-717
 948
-979
 311
-948
-765
 950
 988
-527
 722
 644
-168
-157
 101
 814
-667
-791
 601
 426
-261
 597
-767
 -57
-429
 775
 612
 946
  18
 881
-869
-381
-716
-143
-676
-333
-705
 646
-707
 626
  28
 655
 317
 629
 445
 913
  99
-128
-155
-283
 525
 599
-611
 716
-272
  27
 293
-199
  63
-935
-340
 936
-772
-975
 307
 446
 885
 -91
 530
 853
-221
 186
-484
 965
 778
 429
-880
  45
 299
-260
-709
 594
 702
 289
-810
 867
 611
-708
-907
-594
 576
 214
 236
 616
-604
-775
 991
-174
-555
 516
 134
-937
-634
-903
 291
 523
 799
-706
 560
 680
 501
 301
 730
   7
 859
 648
 847
-866
-894
 769
 759
-892
-448
 141
 114
 140
 983
 971
 966
-505
 192
 926
-477
-393
  32
-800
-583
-341
  21
-942
 431
-801
-760
 676
 201
 285
 788
-954
-690
-150
 817
 439
 784
 652
 309
-146
-108
-269
-267
 121
 650
 774
 579
-923
-541
-246
-990
 998
 571
-197
 193
-400
-449
 764
-382
-675
-363
-537
 163
-309
-110
-702
 596
  88
-242
 821
 251
  74
-960
 -89
-620
-118
-994
 766
 888
-470
 960
 835
 958
-993
-633
 396
-991
  -1
 740
 481
 296
 280
 617
-804
 743
 248
 606
 654
 855
  12
 851
-409
 376
-559
 -81
-399
 389
-440
-101
 898
-807
-330
-575
-124
-327
-357
-463
 828
 690
 563
-181
-295
 128
 807
 803
 -63
 133
-773
 923
 645
 480
-258
 608
 148
-890
 659
 931
-851
 440
 890
 -53
-186
 770
-300
 526
 842
 335
 200
 158
 172
 833
-715
 675
-298
 866
 507
-844
 491
-908
-383
-529
 796
 171
 -32
-612
  38
 484
-392
 -69
-458
 -45
-774
 498
 949
 -68
 791
 233
 908
-247
-350
 276
 748
-837
 137
-974
 450
 408
  34
-809
 152
-639
 956
-344
-323
-129
 573
-546
-297
 509
-113
 414
 792
 978
-139
 451
 228
-649
  50
-516
-745
-741
 476
 265
-229
 863
 323
 734
-213
-595
 487
 605
 896
 238
 177
-792
 619
-457
-978
-616
-354
 343
 757
 953
 421
-904
 -15
-386
-218
 603
-757
 550
-593
 319
-230
-216
-602
 593
-930
-411
 672
 642
 641
-647
-909
 999
 346
 386
 647
 482
 874
 714
 535
 -67
 253
 415
-290
-982
 574
 854
-288
 -90
-799
-405
-784
   0
-483
 872
 -10
 164
-977
 122
-552
 825
-355
-169
  86
   2
 810
-512
-236
 314
-385
 -59
-782
-376
 208
-1000
 512
-887
-582
-187
 195
 545
-714
 524
  -4
 508
  93
 632
 211
-710
 700
 237
 940
 511
-963
-468
 198
 839
-947
 849
 125
 543
 945
 955
 -61
-147
 297
-481
-966
-682
 587
  98
 630
-532
 264
-984
-761
 663
-177
 871
 992
 830
 868
 514
 492
-445
 359
 943
-830
 831
  87
 891
 221
 271
-912
-179
-122
  91
   6
-474
-271
 848
-223
 780
-442
-597
 973
 712
-310
 313
-237
-436
-610
-644
-940
 585
-654
 586
-565
 371